Pic_2025_05_23_170531_105.bmp [0, 0, 3, 0, 5, 9, 9, 4]
Pic_2025_05_23_170958_209.bmp [0, 0, 7, 3, 2, 9, 9, 4]
Pic_2025_05_23_170808_179.bmp [0, 0, 5, 4, 2, 9, 9, 4]
Pic_2025_05_23_171322_355.bmp [0, 1, 0, 5, 6, 9, 9, 4]
Pic_2025_05_23_171321_343.bmp [0, 1, 0, 5, 5, 3, 0, 7]
Pic_2025_05_23_171049_227.bmp [0, 0, 8, 2, 3, 9, 9, 4]
Pic_2025_05_23_171551_475.bmp [0, 1, 3, 2, 5, 9, 9, 4]
Pic_2025_05_23_170428_31.bmp [0, 0, 2, 0, 2, 9, 9, 4]
Pic_2025_05_23_170911_195.bmp [0, 0, 6, 4, 5, 9, 9, 4]
Pic_2025_05_23_171603_488.bmp [0, 1, 3, 3, 7, 9, 9, -1]
Pic_2025_05_23_171432_409.bmp [0, 1, 2, 0, 6, 9, 9, 4]
Pic_2025_05_23_171321_348.bmp [0, 1, 0, 5, 5, 9, 9, 4]
Pic_2025_05_23_170550_110.bmp [0, 0, 3, 2, 4, 3, -1, 7]
Pic_2025_05_23_171432_404.bmp [0, 1, 2, 0, 6, 3, 0, 7]
Pic_2025_05_23_171550_463.bmp [0, 1, 3, 2, 4, 3, 0, 7]
Pic_2025_05_23_171133_237.bmp [0, 0, 9, 0, 7, 5, 5, 7]
Pic_2025_05_23_170611_118.bmp [0, 0, 3, 4, 5, 4, 9, -1]
Pic_2025_05_23_171050_231.bmp [0, 0, 8, 2, 4, 5, 5, 7]
Pic_2025_05_23_170809_183.bmp [0, 0, 5, 4, 3, 5, 5, 7]
Pic_2025_05_23_171301_297.bmp [0, 1, 0, 3, 5, 3, 0, 7]
Pic_2025_05_23_171429_384.bmp [0, 1, 2, 0, 3, 4, 9, -1]
Pic_2025_05_23_170912_199.bmp [0, 0, 6, 4, 6, 5, 5, 7]
Pic_2025_05_23_171320_337.bmp [0, 1, 0, 5, 4, 4, -1, 1]
Pic_2025_05_23_170741_171.bmp [0, 0, 5, 1, 5, 9, 9, -1]
Pic_2025_05_23_171259_284.bmp [0, 1, 0, 3, 3, 4, 9, -1]
Pic_2025_05_23_170530_93.bmp [0, 0, 3, 0, 4, 3, -1, 7]
Pic_2025_05_23_171319_330.bmp [0, 1, 0, 5, 3, 4, 9, -1]
Pic_2025_05_23_171530_451.bmp [0, 1, 3, 0, 4, 3, -1, 7]
Pic_2025_05_23_171437_441.bmp [0, 1, 2, 1, 1, 4, 9, -1]
Pic_2025_05_23_171326_380.bmp [0, 1, 1, 0, 0, 4, 9, -1]
Pic_2025_05_23_170738_146.bmp [0, 0, 5, 1, 2, 4, 9, -1]
Pic_2025_05_23_171607_513.bmp [0, 1, 3, 4, 1, 4, 9, -1]
Pic_2025_05_23_171318_323.bmp [0, 1, 0, 5, 2, 4, 9, -1]
Pic_2025_05_23_171234_274.bmp [0, 1, 0, 0, 8, 3, -1, 7]
Pic_2025_05_23_171431_397.bmp [0, 1, 2, 0, 5, 3, -1, 7]
Pic_2025_05_23_171432_407.bmp [0, 1, 2, 0, 6, 1, 4, -1]
Pic_2025_05_23_171530_450.bmp [0, 1, 3, 0, 4, 1, 8, -1]
Pic_2025_05_23_171433_416.bmp [0, 1, 2, 0, 7, 9, 9, -1]
Pic_2025_05_23_170740_159.bmp [0, 0, 5, 1, 4, 3, -1, 7]
Pic_2025_05_23_171232_261.bmp [0, 1, 0, 0, 6, 4, 9, -1]
Pic_2025_05_23_170613_131.bmp [0, 0, 3, 4, 7, 3, -1, 7]
Pic_2025_05_23_170427_19.bmp [0, 0, 2, 0, 1, 3, -1, -1]
Pic_2025_05_23_170432_55.bmp [0, 0, 2, 0, 6, 3, 6, -1]
Pic_2025_05_23_170428_26.bmp [0, 0, 2, 0, 2, 3, -1, 7]
Pic_2025_05_23_170910_187.bmp [0, 0, 6, 4, 4, 8, 6, -1]
Pic_2025_05_23_171318_322.bmp [0, 1, 0, 5, 2, 3, 6, -1]
Pic_2025_05_23_171024_215.bmp [0, 0, 7, 5, 8, 3, -1, 7]
Pic_2025_05_23_171301_296.bmp [0, 1, 0, 3, 5, 1, 8, -1]
Pic_2025_05_23_171430_391.bmp [0, 1, 2, 0, 4, 4, 9, -1]
Pic_2025_05_23_171025_222.bmp [0, 0, 7, 5, 9, 3, -1, 7]
Pic_2025_05_23_171431_396.bmp [0, 1, 2, 0, 5, 1, 8, -1]
Pic_2025_05_23_171234_273.bmp [0, 1, 0, 0, 8, 1, 8, -1]
Pic_2025_05_23_170740_163.bmp [0, 0, 5, 1, 4, 8, 6, -1]
Pic_2025_05_23_170528_80.bmp [0, 0, 3, 0, 2, 4, 9, -1]
Pic_2025_05_23_170741_168.bmp [0, 0, 5, 1, 5, 5, -1, 7]
Pic_2025_05_23_171258_277.bmp [0, 1, 0, 3, 2, 4, 9, -1]
Pic_2025_05_23_171133_240.bmp [0, 0, 9, 0, 7, 9, 9, -1]
Pic_2025_05_23_170614_138.bmp [0, 0, 3, 4, 8, 3, -1, 7]
Pic_2025_05_23_170448_73.bmp [0, 0, 2, 2, 2, 3, -1, -1]
Pic_2025_05_23_171258_276.bmp [0, 1, 0, 3, 2, 3, 6, -1]
Pic_2025_05_23_171321_342.bmp [0, 1, 0, 5, 5, 1, 8, -1]
Pic_2025_05_23_170429_35.bmp [0, 0, 2, 0, 3, 5, -1, -1]
Pic_2025_05_23_170428_30.bmp [0, 0, 2, 0, 2, 8, -1, -1]
Pic_2025_05_23_170433_63.bmp [0, 0, 2, 0, 7, 4, 9, -1]
Pic_2025_05_23_170612_125.bmp [0, 0, 3, 4, 6, 4, -1, -1]
Pic_2025_05_23_170429_38.bmp [0, 0, 2, 0, 3, 9, 9, -1]
Pic_2025_05_23_170530_92.bmp [0, 0, 3, 0, 4, 1, 8, -1]
Pic_2025_05_23_170958_208.bmp [0, 0, 7, 3, 2, 8, -1, -1]
Pic_2025_05_23_171433_413.bmp [0, 1, 2, 0, 7, -1, -1, 7]
Pic_2025_05_23_171550_462.bmp [0, 1, 3, 2, 4, 1, 8, -1]
Pic_2025_05_23_171136_257.bmp [0, 0, 9, 1, 0, 3, -1, -1]
Pic_2025_05_23_171050_234.bmp [0, 0, 8, 2, 4, 9, 9, -1]
Pic_2025_05_23_171315_305.bmp [0, 1, 0, 4, 9, 9, -1, -1]
Pic_2025_05_23_171431_398.bmp [0, 1, 2, 0, 5, 4, 3, -1]
Pic_2025_05_23_170740_162.bmp [0, 0, 5, 1, 4, 1, 4, -1]
Pic_2025_05_23_171324_368.bmp [0, 1, 0, 5, 8, 8, 0, -1]
Pic_2025_05_23_170613_130.bmp [0, 0, 3, 4, 7, 1, 8, -1]
Pic_2025_05_23_171024_214.bmp [0, 0, 7, 5, 8, 1, 8, -1]
Pic_2025_05_23_170426_13.bmp [0, 0, 2, 0, 0, 4, 9, -1]
Pic_2025_05_23_171432_408.bmp [0, 1, 2, 0, 6, 8, 6, -1]
Pic_2025_05_23_170808_178.bmp [0, 0, 5, 4, 2, 8, -1, -1]
Pic_2025_05_23_170550_109.bmp [0, 0, 3, 2, 4, 1, 8, -1]
Pic_2025_05_23_171604_495.bmp [0, 1, 3, 3, 8, 9, -1, -1]
Pic_2025_05_23_171300_291.bmp [0, 1, 0, 3, 4, 4, -1, -1]
Pic_2025_05_23_171602_480.bmp [0, 1, 3, 3, 6, -1, 6, -1]
Pic_2025_05_23_170911_194.bmp [0, 0, 6, 4, 5, 8, -1, -1]
Pic_2025_05_23_170740_158.bmp [0, 0, 5, 1, 4, 1, 8, -1]
Pic_2025_05_23_171326_379.bmp [0, 1, 1, 0, 0, 3, -1, -1]
Pic_2025_05_23_170430_45.bmp [0, 0, 2, 0, 4, 9, 3, -1]
Pic_2025_05_23_170425_6.bmp [0, 0, 1, 5, 9, 4, 9, -1]
Pic_2025_05_23_171135_250.bmp [0, 0, 9, 0, 9, -1, 6, -1]
Pic_2025_05_23_171321_347.bmp [0, 1, 0, 5, 5, -1, -1, -1]
Pic_2025_05_23_171436_433.bmp [0, 1, 2, 1, 0, -1, 6, -1]
Pic_2025_05_23_170531_100.bmp [0, 0, 3, 0, 5, 3, -1, -1]
Pic_2025_05_23_171435_429.bmp [0, 1, 2, 0, 9, -1, 0, -1]
Pic_2025_05_23_171433_415.bmp [0, 1, 2, 0, 7, 8, -1, -1]
Pic_2025_05_23_171315_306.bmp [0, 1, 0, 5, 0, -1, -1, 0]
Pic_2025_05_23_171605_502.bmp [0, 1, 3, 3, 9, 9, 3, -1]
Pic_2025_05_23_171607_512.bmp [0, 1, 3, 4, 1, 3, -1, -1]
Pic_2025_05_23_171050_235.bmp [0, 0, 8, 2, 5, 1, -1, -1]
Pic_2025_05_23_171429_383.bmp [0, 1, 2, 0, 3, 3, -1, -1]
Pic_2025_05_23_171603_487.bmp [0, 1, 3, 3, 7, 8, -1, -1]
Pic_2025_05_23_171231_258.bmp [0, 1, 0, 0, -1, -1, 5, 8]
Pic_2025_05_23_171049_226.bmp [0, 0, 8, 2, 3, 8, -1, -1]
Pic_2025_05_23_171551_474.bmp [0, 1, 3, 2, 5, 8, -1, -1]
Pic_2025_05_23_171323_362.bmp [0, 1, 0, 5, 7, 9, -1, -1]
Pic_2025_05_23_171323_359.bmp [0, 1, 0, 5, 7, -1, 5, 7]
Pic_2025_05_23_171608_520.bmp [0, 1, 3, 4, 2, 4, -1, -1]
Pic_2025_05_23_171320_336.bmp [0, 1, 0, 5, 4, 3, -1, -1]
Pic_2025_05_23_170912_202.bmp [0, 0, 6, 4, 6, 9, -1, -1]
Pic_2025_05_23_170427_18.bmp [0, 0, 2, 0, 1, 1, 8, -1]
Pic_2025_05_23_170531_104.bmp [0, 0, 3, 0, 5, 8, -1, -1]
Pic_2025_05_23_171316_311.bmp [0, 1, 0, 5, 0, 8, -1, -1]
Pic_2025_05_23_170448_74.bmp [0, 0, 2, 2, 2, 4, 9, -1]
Pic_2025_05_23_170739_151.bmp [0, 0, 5, 1, 3, 1, -1, -1]
Pic_2025_05_23_170611_119.bmp [0, 0, 3, 4, 5, 6, -1, -1]
Pic_2025_05_23_171320_339.bmp [0, 1, 0, 5, 4, -1, -1, 4]
Pic_2025_05_23_171233_267.bmp [0, 1, 0, 0, 7, 3, -1, -1]
Pic_2025_05_23_170431_51.bmp [0, 0, 2, 0, 5, 8, 0, -1]
Pic_2025_05_23_171322_352.bmp [0, 1, 0, 5, 6, 5, -1, 7]
Pic_2025_05_23_170741_170.bmp [0, 0, 5, 1, 5, 8, -1, -1]
Pic_2025_05_23_170427_22.bmp [0, 0, 2, 0, 1, -1, 4, -1]
Pic_2025_05_23_171438_448.bmp [0, 1, 2, 1, 2, 4, -1, -1]
Pic_2025_05_23_171431_400.bmp [0, 1, 2, 0, 5, -1, 4, 4]
Pic_2025_05_23_171323_363.bmp [0, 1, 0, 5, 8, -1, -1, 0]
Pic_2025_05_23_171436_434.bmp [0, 1, 2, 1, 0, 4, -1, -1]
Pic_2025_05_23_171550_467.bmp [0, 1, 3, 2, 4, -1, 6, -1]
Pic_2025_05_23_171325_372.bmp [0, 1, 0, 5, 9, -1, 6, -1]
Pic_2025_05_23_171322_354.bmp [0, 1, 0, 5, 6, 8, -1, -1]
Pic_2025_05_23_171315_304.bmp [0, 1, 0, 4, 9, 8, -1, -1]
Pic_2025_05_23_171602_481.bmp [0, 1, 3, 3, -1, 9, 9, 4]
Pic_2025_05_23_171319_331.bmp [0, 1, 0, 5, 3, -1, -1, -1]
Pic_2025_05_23_170958_206.bmp [0, 0, 7, 3, 2, 5, -1, 7]
Pic_2025_05_23_171133_241.bmp [0, 0, 9, 0, 8, 1, -1, -1]
Pic_2025_05_23_170425_5.bmp [0, 0, 1, 5, 9, 3, -1, -1]
Pic_2025_05_23_171134_246.bmp [0, 0, 9, 0, 8, 8, -1, -1]
Pic_2025_05_23_171433_417.bmp [0, 1, 2, 0, 8, 1, -1, -1]
Pic_2025_05_23_170738_147.bmp [0, 0, 5, 1, 2, -1, -1, -1]
Pic_2025_05_23_171530_452.bmp [0, 1, 3, 0, 4, 4, 3, -1]
Pic_2025_05_23_170529_87.bmp [0, 0, 3, 0, 3, 4, -1, -1]
Pic_2025_05_23_170739_152.bmp [0, 0, 5, 1, 3, 3, -1, -1]
Pic_2025_05_23_170528_81.bmp [0, 0, 3, 0, 2, -1, -1, -1]
Pic_2025_05_23_170528_79.bmp [0, 0, 3, 0, 2, 3, -1, -1]
Pic_2025_05_23_171317_318.bmp [0, 1, 0, 5, 1, -1, 0, -1]
Pic_2025_05_23_171259_283.bmp [0, 1, 0, 3, 3, 3, -1, -1]
Pic_2025_05_23_171549_459.bmp [0, 1, 3, 2, 3, -1, -1, 4]
Pic_2025_05_23_171233_266.bmp [0, 1, 0, 0, 7, 1, -1, -1]
Pic_2025_05_23_170430_42.bmp [0, 0, 2, 0, 4, -1, 5, -1]
Pic_2025_05_23_171434_423.bmp [0, 1, 2, 0, 8, 9, 3, -1]
Pic_2025_05_23_171549_457.bmp [0, 1, 3, 2, 3, 4, -1, -1]
Pic_2025_05_23_171259_288.bmp [0, 1, 0, 3, 4, -1, 5, -1]
Pic_2025_05_23_170611_117.bmp [0, 0, 3, 4, 5, 3, -1, -1]
Pic_2025_05_23_170433_62.bmp [0, 0, 2, 0, 7, 3, -1, -1]
Pic_2025_05_23_171259_282.bmp [0, 1, 0, 3, 3, -1, -1]
Pic_2025_05_23_170431_53.bmp [0, 0, 2, 0, 6, -1, -1]
Pic_2025_05_23_171605_501.bmp [0, 1, 3, 3, 9, -1, 0, -1]
Pic_2025_05_23_170530_97.bmp [0, 0, 3, 0, 4, -1, -1, -1]
Pic_2025_05_23_171258_280.bmp [0, 1, 0, 3, 2, 9, 3, -1]
Pic_2025_05_23_170911_192.bmp [0, 0, 6, 4, 5, 5, -1, 7]
Pic_2025_05_23_171429_388.bmp [0, 1, 2, 0, 4, -1, 5, 8]
Pic_2025_05_23_171605_499.bmp [0, 1, 3, 3, 9, -1, 5, -1]
Pic_2025_05_23_171135_253.bmp [0, 0, 9, 0, 9, 8, -1, -1]
Pic_2025_05_23_171434_422.bmp [0, 1, 2, 0, 8, 8, -1, -1]
Pic_2025_05_23_170613_134.bmp [0, 0, 3, 4, 7, -1, 4, -1]
Pic_2025_05_23_171050_233.bmp [0, 0, 8, 2, 4, 8, -1, -1]
Pic_2025_05_23_170611_122.bmp [0, 0, 3, 4, -1, -1, 5, -1]
Pic_2025_05_23_171437_440.bmp [0, 1, 2, 1, 1, 3, -1, -1]
Pic_2025_05_23_171552_479.bmp [0, 1, 3, 2, 6, -1, 5, 7]
Pic_2025_05_23_170808_174.bmp [0, 0, 5, 4, 2, 3, -1, -1]
Pic_2025_05_23_171133_239.bmp [0, 0, 9, 0, 7, 8, -1, -1]
Pic_2025_05_23_171318_326.bmp [0, 1, 0, 5, 2, 9, 3, -1]
Pic_2025_05_23_170912_201.bmp [0, 0, 6, 4, 6, 8, -1, -1]
Pic_2025_05_23_171322_350.bmp [0, 1, 0, 5, 6, 3, -1, -1]
Pic_2025_05_23_171432_403.bmp [0, 1, 2, 0, 6, 1, -1, -1]
Pic_2025_05_23_170612_124.bmp [0, 0, 3, 4, 6, 3, -1, -1]
Pic_2025_05_23_171025_221.bmp [0, 0, 7, 5, 9, 1, -1, -1]
Pic_2025_05_23_171435_427.bmp [0, 1, 2, 0, 9, -1, -1, -1]
Pic_2025_05_23_170529_86.bmp [0, 0, 3, 0, 3, 3, -1, -1]
Pic_2025_05_23_171233_270.bmp [0, 1, 0, 0, 7, -1, 4, 4]
Pic_2025_05_23_170739_155.bmp [0, 0, 5, 1, 3, -1, 4, -1]
Pic_2025_05_23_171530_455.bmp [0, 1, 3, 0, 4, -1, -1, -1]
Pic_2025_05_23_170529_88.bmp [0, 0, 3, 0, 3, -1, -1, -1]
Pic_2025_05_23_171300_290.bmp [0, 1, 0, 3, 4, 3, -1, -1]
Pic_2025_05_23_170429_37.bmp [0, 0, 2, 0, 3, 8, -1, -1]
Pic_2025_05_23_170447_71.bmp [0, 0, 2, 2, 2, -1, -1]
Pic_2025_05_23_170530_96.bmp [0, 0, 3, 0, 4, -1, 4, -1]
Pic_2025_05_23_171300_292.bmp [0, 1, 0, 3, 4, -1, -1, -1]
Pic_2025_05_23_171606_506.bmp [0, 1, 3, 4, 0, -1, -1, -1]
Pic_2025_05_23_170529_89.bmp [0, 0, 3, 0, 3, -1, -1, -1]
Pic_2025_05_23_171232_260.bmp [0, 1, 0, 0, 6, 3, -1, -1]
Pic_2025_05_23_171430_392.bmp [0, 1, 2, 0, 4, -1, -1, -1]
Pic_2025_05_23_171550_466.bmp [0, 1, 3, 2, 4, -1, 4, -1]
Pic_2025_05_23_170447_69.bmp [0, 0, 2, 2, 1, 8, -1, -1]
Pic_2025_05_23_171323_361.bmp [0, 1, 0, 5, 7, 8, -1, -1]
Pic_2025_05_23_171317_316.bmp [0, 1, 0, 5, 1, -1, -1, -1]
Pic_2025_05_23_170430_44.bmp [0, 0, 2, 0, 4, 8, -1, -1]
Pic_2025_05_23_171320_335.bmp [0, 1, 0, 5, 4, 1, -1, -1]
Pic_2025_05_23_171607_516.bmp [0, 1, 3, 4, 1, -1, -1, -1]
Pic_2025_05_23_171324_364.bmp [0, 1, 0, 5, 8, -1, -1, -1]
Pic_2025_05_23_171436_437.bmp [0, 1, 2, 1, 0, 9, 3, -1]
Pic_2025_05_23_171604_492.bmp [0, 1, 3, 3, 8, -1, 5, 7]
Pic_2025_05_23_171603_485.bmp [0, 1, 3, 3, 7, 5, -1, 7]
Pic_2025_05_23_171604_496.bmp [0, 1, 3, 3, 9, -1, -1, 0]
Pic_2025_05_23_171024_220.bmp [0, 0, 7, 5, 8, -1, -1, -1]
Pic_2025_05_23_171324_366.bmp [0, 1, 0, 5, 8, -1, 5, -1]
Pic_2025_05_23_171319_329.bmp [0, 1, 0, 5, 3, 3, -1, -1]
Pic_2025_05_23_171301_300.bmp [0, 1, 0, 3, 5, -1, 4, -1]
Pic_2025_05_23_171429_385.bmp [0, 1, 2, 0, 3, -1, -1, -1]
Pic_2025_05_23_171604_494.bmp [0, 1, 3, 3, 8, 8, -1, -1]
Pic_2025_05_23_170426_12.bmp [0, 0, 2, 0, 0, 3, -1, -1]
Pic_2025_05_23_171437_442.bmp [0, 1, 2, 1, 1, -1, -1, -1]
Pic_2025_05_23_171134_247.bmp [0, 0, 9, 0, 8, 9, 3, -1]
Pic_2025_05_23_171325_375.bmp [0, 1, 0, 5, 9, -1, -1, -1]
Pic_2025_05_23_170612_126.bmp [0, 0, 3, 4, 6, -1, -1, -1]
Pic_2025_05_23_171607_514.bmp [0, 1, 3, 4, 1, -1, 1, -1]
Pic_2025_05_23_170528_78.bmp [0, 0, 3, 0, 2, -1, -1]
Pic_2025_05_23_170613_135.bmp [0, 0, 3, 4, 7, -1, -1, -1]
Pic_2025_05_23_171606_505.bmp [0, 1, 3, 4, 0, -1, 6, -1]
Pic_2025_05_23_170613_132.bmp [0, 0, 3, 4, 7, 4, 3, -1]
Pic_2025_05_23_171024_219.bmp [0, 0, 7, 5, 8, -1, -1, -1]
Pic_2025_05_23_171324_369.bmp [0, 1, 0, 5, 8, 9, 3, -1]
Pic_2025_05_23_170426_15.bmp [0, 0, 2, 0, 0, -1, -1, -1]
Pic_2025_05_23_171434_424.bmp [0, 1, 2, 0, 9, -1, -1, -1]
Pic_2025_05_23_171319_334.bmp [0, 1, 0, 5, 4, -1, 5, -1]
Pic_2025_05_23_171608_519.bmp [0, 1, 3, 4, 2, 3, -1, -1]
Pic_2025_05_23_171551_470.bmp [0, 1, 3, 2, 5, 3, -1, -1]
Pic_2025_05_23_170614_137.bmp [0, 0, 3, 4, 8, 1, -1, -1]
Pic_2025_05_23_171322_356.bmp [0, 1, 0, 5, 7, 1, -1, -1]
Pic_2025_05_23_171301_302.bmp [0, 1, 0, 3, 5, -1, -1, -1]
Pic_2025_05_23_170613_136.bmp [0, 0, 3, 4, -1, -1, -1, -1]
Pic_2025_05_23_170432_59.bmp [0, 0, 2, 0, 6, 9, 3, -1]
Pic_2025_05_23_171024_218.bmp [0, 0, 7, 5, 8, -1, 4, -1]
Pic_2025_05_23_170527_76.bmp [0, 0, 3, 0, 1, 9, 3, -1]
Pic_2025_05_23_171325_373.bmp [0, 1, 0, 5, 9, -1, -1, -1]
Pic_2025_05_23_170611_116.bmp [0, 0, 3, 4, 5, -1, -1]
Pic_2025_05_23_170427_24.bmp [0, 0, 2, 0, 1, -1, -1, -1]
Pic_2025_05_23_171301_303.bmp [0, 1, 0, 3, 6, 1, -1, -1]
Pic_2025_05_23_170447_66.bmp [0, 0, 2, 2, 1, -1, -1, -1]
Pic_2025_05_23_170428_25.bmp [0, 0, 2, 0, 2, 1, -1, -1]
Pic_2025_05_23_170738_145.bmp [0, 0, 5, 1, 2, 3, -1, -1]
Pic_2025_05_23_171438_447.bmp [0, 1, 2, 1, 2, 3, -1, -1]
Pic_2025_05_23_171530_454.bmp [0, 1, 3, 0, 4, -1, 4, -1]
Pic_2025_05_23_171259_285.bmp [0, 1, 0, 3, 3, -1, -1, -1]
Pic_2025_05_23_170610_114.bmp [0, 0, 3, 4, 4, 9, 3, -1]
Pic_2025_05_23_171438_449.bmp [0, 1, 2, 1, 2, -1, -1, -1]
Pic_2025_05_23_170550_113.bmp [0, 0, 3, 2, 4, -1, 4, -1]
Pic_2025_05_23_171300_293.bmp [0, 1, 0, 3, 4, -1, -1, -1]
Pic_2025_05_23_170431_49.bmp [0, 0, 2, 0, 5, -1, -1, -1]
Pic_2025_05_23_171431_402.bmp [0, 1, 2, 0, 5, -1, -1, -1]
Pic_2025_05_23_170612_127.bmp [0, 0, 3, 4, 6, -1, -1, -1]
Pic_2025_05_23_170425_9.bmp [0, 0, 1, 5, 9, 9, -1, -1]
Pic_2025_05_23_170427_20.bmp [0, 0, 2, 0, 1, 4, 3, -1]
Pic_2025_05_23_170425_4.bmp [0, 0, 1, 5, 9, -1, 4]
Pic_2025_05_23_171550_469.bmp [0, 1, 3, 2, 5, 1, -1, -1]
Pic_2025_05_23_171326_381.bmp [0, 1, 1, 0, 0, 6, -1, -1]
Pic_2025_05_23_171430_393.bmp [0, 1, 2, 0, 4, -1, -1, -1]
Pic_2025_05_23_171134_244.bmp [0, 0, 9, 0, 8, -1, 5, -1]
Pic_2025_05_23_171431_401.bmp [0, 1, 2, 0, 5, -1, -1, -1]
Pic_2025_05_23_170447_67.bmp [0, 0, 2, 2, 1, -1, -1, -1]
Pic_2025_05_23_170433_61.bmp [0, 0, 2, 0, 7, -1, -1]
Pic_2025_05_23_170742_173.bmp [0, 0, 5, 1, 6, -1, -1, 1]
Pic_2025_05_23_171434_420.bmp [0, 1, 2, 0, 8, -1, 5, 7]
Pic_2025_05_23_171316_307.bmp [0, 1, 0, 5, 0, -1, -1, -1]
Pic_2025_05_23_171430_390.bmp [0, 1, 2, 0, 4, 3, -1, -1]
Pic_2025_05_23_170737_142.bmp [0, 0, 5, 1, 1, 9, -1, -1]
Pic_2025_05_23_170528_84.bmp [0, 0, 3, 0, -1, -1, 5, -1]
Pic_2025_05_23_171318_327.bmp [0, 1, 0, 5, 3, -1, 5, 8]
Pic_2025_05_23_170433_64.bmp [0, 0, 2, 0, 7, 6, -1, -1]
Pic_2025_05_23_170611_121.bmp [0, 0, 3, 4, 5, 9, -1, -1]
Pic_2025_05_23_171602_482.bmp [0, 1, 3, 3, 7, 1, -1, -1]
Pic_2025_05_23_170529_91.bmp [0, 0, 3, 0, 4, -1, 5, -1]
Pic_2025_05_23_170427_23.bmp [0, 0, 2, 0, 1, -1, -1, -1]
Pic_2025_05_23_171316_309.bmp [0, 1, 0, 5, 0, -1, 5, -1]
Pic_2025_05_23_171135_251.bmp [0, 0, 9, 0, 9, -1, -1, -1]
Pic_2025_05_23_171437_444.bmp [0, 1, 2, 1, 1, -1, -1, -1]
Pic_2025_05_23_170527_77.bmp [0, 0, 3, 0, 2, -1, -1, 8]
Pic_2025_05_23_171551_472.bmp [0, 1, 3, 2, 5, 5, -1, -1]
Pic_2025_05_23_170428_32.bmp [0, 0, 2, 0, 3, 1, -1, -1]
Pic_2025_05_23_170741_172.bmp [0, 0, 5, 1, 6, 1, -1, -1]
Pic_2025_05_23_171320_338.bmp [0, 1, 0, 5, 4, -1, -1, -1]
Pic_2025_05_23_171321_346.bmp [0, 1, 0, 5, 5, -1, 4, -1]
Pic_2025_05_23_171023_211.bmp [0, 0, 7, 5, 7, -1, -1, -1]
Pic_2025_05_23_171301_301.bmp [0, 1, 0, 3, 5, -1, -1, -1]
Pic_2025_05_23_170531_99.bmp [0, 0, 3, 0, 5, 1, -1, -1]
Pic_2025_05_23_171324_370.bmp [0, 1, 0, 5, 9, -1, -1, -1]
Pic_2025_05_23_171322_349.bmp [0, 1, 0, 5, 6, 1, -1, -1]
Pic_2025_05_23_170958_204.bmp [0, 0, 7, 3, 2, 3, -1, -1]
Pic_2025_05_23_170957_203.bmp [0, 0, 7, 3, 2, 1, -1, -1]
Pic_2025_05_23_171551_476.bmp [0, 1, 3, 2, 6, 1, -1, -1]
Pic_2025_05_23_171429_387.bmp [0, 1, 2, 0, 3, -1, -1, -1]
Pic_2025_05_23_171325_376.bmp [0, 1, 0, 5, 9, 9, 3, -1]
Pic_2025_05_23_171051_236.bmp [0, 0, 8, 2, 5, -1, -1, -1]
Pic_2025_05_23_171436_438.bmp [0, 1, 2, 1, 1, -1, -1, 8]
Pic_2025_05_23_171323_357.bmp [0, 1, 0, 5, 7, -1, -1, 1]
Pic_2025_05_23_171135_254.bmp [0, 0, 9, 0, 9, 9, 3, -1]
Pic_2025_05_23_170428_28.bmp [0, 0, 2, 0, 2, 5, -1, -1]
Pic_2025_05_23_170429_39.bmp [0, 0, 2, 0, 4, 1, -1, -1]
Pic_2025_05_23_171606_510.bmp [0, 1, 3, 4, 1, -1, -1, 8]
Pic_2025_05_23_171432_410.bmp [0, 1, 2, 0, 7, 1, -1, -1]
Pic_2025_05_23_171259_287.bmp [0, 1, 0, 3, 3, -1, -1, -1]
Pic_2025_05_23_170911_189.bmp [0, 0, 6, 4, 5, 1, -1, -1]
Pic_2025_05_23_171258_281.bmp [0, 1, 0, 3, 3, -1, -1, 8]
Pic_2025_05_23_170958_210.bmp [0, 0, 7, 3, 3, 1, -1, -1]
Pic_2025_05_23_170911_196.bmp [0, 0, 6, 4, 6, 1, -1, -1]
Pic_2025_05_23_170910_186.bmp [0, 0, 6, 4, 4, -1, 4, -1]
Pic_2025_05_23_171232_264.bmp [0, 1, 0, 0, 6, -1, -1, -1]
Pic_2025_05_23_171325_377.bmp [0, 1, 1, 0, 0, -1, -1, 8]
Pic_2025_05_23_171603_489.bmp [0, 1, 3, 3, 8, 1, -1, -1]
Pic_2025_05_23_170740_165.bmp [0, 0, 5, 1, 5, 1, -1, -1]
Pic_2025_05_23_171604_490.bmp [0, 1, 3, 3, 8, -1, -1, 1]
Pic_2025_05_23_171437_445.bmp [0, 1, 2, 1, -1, -1, 5, -1]
Pic_2025_05_23_170740_164.bmp [0, 0, 5, 1, -1, 9, 9, 4]
Pic_2025_05_23_171549_458.bmp [0, 1, 3, 2, 3, -1, -1, -1]
Pic_2025_05_23_170808_180.bmp [0, 0, 5, 4, 3, 1, -1, -1]
Pic_2025_05_23_170808_176.bmp [0, 0, 5, 4, 2, 5, -1, 7]
Pic_2025_05_23_171049_228.bmp [0, 0, 8, 2, 4, 1, -1, -1]
Pic_2025_05_23_171435_425.bmp [0, 1, 2, 0, 9, -1, -1, -1]
Pic_2025_05_23_171317_315.bmp [0, 1, 0, 5, 1, -1, -1, -1]
Pic_2025_05_23_170911_190.bmp [0, 0, 6, 4, 5, 3, -1, -1]
Pic_2025_05_23_171605_497.bmp [0, 1, 3, 3, 9, -1, -1, -1]
Pic_2025_05_23_171603_483.bmp [0, 1, 3, 3, 7, 3, -1, -1]
Pic_2025_05_23_171317_320.bmp [0, 1, 0, 5, 2, -1, -1, 8]
Pic_2025_05_23_170531_106.bmp [0, 0, 3, 0, 6, 1, -1, -1]
Pic_2025_05_23_170610_115.bmp [0, 0, 3, 4, 5, -1, -1, -1]
Pic_2025_05_23_171318_324.bmp [0, 1, 0, 5, 2, 6, -1, -1]
Pic_2025_05_23_171607_517.bmp [0, 1, 3, 4, -1, -1, 5, -1]
Pic_2025_05_23_170426_17.bmp [0, 0, 2, 0, -1, -1, 5, -1]
Pic_2025_05_23_171135_249.bmp [0, 0, 9, 0, 9, -1, 4, -1]
Pic_2025_05_23_171326_378.bmp [0, 1, 1, 0, 0, -1, -1]
Pic_2025_05_23_170431_47.bmp [0, 0, 2, 0, 5, -1, 4, -1]
Pic_2025_05_23_171134_248.bmp [0, 0, 9, 0, 9, -1, -1, -1]
Pic_2025_05_23_170426_16.bmp [0, 0, 2, 0, 0, -1, -1, -1]
Pic_2025_05_23_170614_140.bmp [0, 0, 3, 4, 8, 5, -1, -1]
Pic_2025_05_23_171552_477.bmp [0, 1, 3, 2, 6, -1, -1, 1]
Pic_2025_05_23_170738_148.bmp [0, 0, 5, 1, 2, -1, -1, -1]
Pic_2025_05_23_171316_312.bmp [0, 1, 0, 5, 0, 9, 3, -1]
Pic_2025_05_23_171434_418.bmp [0, 1, 2, 0, 8, -1, -1, -1]
Pic_2025_05_23_171429_382.bmp [0, 1, 2, 0, 3, -1, -1]
Pic_2025_05_23_171300_289.bmp [0, 1, 0, 3, 4, -1, -1, -1]
Pic_2025_05_23_171233_272.bmp [0, 1, 0, 0, -1, -1, -1, -1]
Pic_2025_05_23_171435_428.bmp [0, 1, 2, 0, 9, 6, -1, -1]
Pic_2025_05_23_171320_340.bmp [0, 1, 0, 5, 4, -1, -1, -1]
Pic_2025_05_23_170425_7.bmp [0, 0, 1, 5, 9, 6, -1, -1]
Pic_2025_05_23_170529_85.bmp [0, 0, 3, 0, 3, 1, -1, -1]
Pic_2025_05_23_170430_46.bmp [0, 0, 2, 0, 5, -1, -1, -1]
Pic_2025_05_23_170912_197.bmp [0, 0, 6, 4, 6, -1, -1, -1]
Pic_2025_05_23_171134_242.bmp [0, 0, 9, 0, 8, -1, -1, -1]
Pic_2025_05_23_170612_123.bmp [0, 0, 3, 4, 6, 1, -1, -1]
Pic_2025_05_23_171233_269.bmp [0, 1, 0, 0, 7, -1, -1, -1]
Pic_2025_05_23_170430_40.bmp [0, 0, 2, 0, 4, -1, -1, -1]
Pic_2025_05_23_170531_102.bmp [0, 0, 3, 0, 5, 5, -1, -1]
Pic_2025_05_23_170550_112.bmp [0, 0, 3, 2, 4, -1, -1, -1]
Pic_2025_05_23_170911_193.bmp [0, 0, 6, 4, 5, -1, 4, 1]
Pic_2025_05_23_170427_21.bmp [0, 0, 2, 0, 1, -1, -1, -1]
Pic_2025_05_23_170739_154.bmp [0, 0, 5, 1, 3, -1, -1, -1]
Pic_2025_05_23_170530_95.bmp [0, 0, 3, 0, 4, -1, -1, -1]
Pic_2025_05_23_171430_394.bmp [0, 1, 2, 0, 4, -1, -1, -1]
Pic_2025_05_23_171050_229.bmp [0, 0, 8, 2, 4, -1, -1, -1]
Pic_2025_05_23_170549_108.bmp [0, 0, 3, 2, -1, -1, -1, -1]
Pic_2025_05_23_170429_33.bmp [0, 0, 2, 0, 3, -1, -1, -1]
Pic_2025_05_23_170740_161.bmp [0, 0, 5, 1, 4, 5, -1, -1]
Pic_2025_05_23_170738_150.bmp [0, 0, 5, 1, -1, -1, 5, -1]
Pic_2025_05_23_170428_29.bmp [0, 0, 2, 0, 2, -1, 4, -1]
Pic_2025_05_23_170910_184.bmp [0, 0, 6, 4, 4, 4, 3, -1]
Pic_2025_05_23_171438_446.bmp [0, 1, 2, 1, 2, -1, -1, -1]
Pic_2025_05_23_170432_60.bmp [0, 0, 2, 0, 7, -1, -1, -1]
Pic_2025_05_23_170531_103.bmp [0, 0, 3, 0, 5, -1, 4, -1]
Pic_2025_05_23_170426_11.bmp [0, 0, 2, 0, 0, -1, -1, -1]
Pic_2025_05_23_170613_133.bmp [0, 0, 3, 4, 7, -1, -1, -1]
Pic_2025_05_23_171550_468.bmp [0, 1, 3, 2, -1, 9, -1, -1]
Pic_2025_05_23_171319_332.bmp [0, 1, 0, 5, 3, -1, -1, -1]
Pic_2025_05_23_171025_225.bmp [0, 0, 7, 5, 9, -1, 4, -1]
Pic_2025_05_23_171432_406.bmp [0, 1, 2, 0, 6, 5, -1, -1]
Pic_2025_05_23_170739_153.bmp [0, 0, 5, 1, 3, 4, 3, -1]
Pic_2025_05_23_171025_224.bmp [0, 0, 7, 5, 9, 5, -1, -1]
Pic_2025_05_23_171431_399.bmp [0, 1, 2, 0, 5, -1, -1, -1]
Pic_2025_05_23_170910_188.bmp [0, 0, 6, 4, -1, 9, -1, -1]
Pic_2025_05_23_170737_143.bmp [0, 0, 5, 1, -1, -1, 5, -1]
Pic_2025_05_23_171321_345.bmp [0, 1, 0, 5, 5, -1, -1, -1]
Pic_2025_05_23_171232_263.bmp [0, 1, 0, 0, 6, -1, -1, -1]
Pic_2025_05_23_171024_217.bmp [0, 0, 7, 5, 8, -1, -1, -1]
Pic_2025_05_23_170910_185.bmp [0, 0, 6, 4, 4, -1, -1, -1]
Pic_2025_05_23_170532_107.bmp [0, 0, 3, 0, 6, -1, -1, -1]
Pic_2025_05_23_171606_508.bmp [0, 1, 3, 4, 0, -1, -1, -1]
Pic_2025_05_23_171233_271.bmp [0, 1, 0, 0, 7, -1, -1, -1]
Pic_2025_05_23_171317_314.bmp [0, 1, 0, 5, 1, -1, -1, -1]
Pic_2025_05_23_171325_371.bmp [0, 1, 0, 5, 9, -1, -1, -1]
Pic_2025_05_23_171436_432.bmp [0, 1, 2, 1, 0, -1, -1, -1]
Pic_2025_05_23_171301_299.bmp [0, 1, 0, 3, 5, -1, -1, -1]
Pic_2025_05_23_171530_453.bmp [0, 1, 3, 0, 4, -1, -1, -1]
Pic_2025_05_23_170740_160.bmp [0, 0, 5, 1, 4, 4, 3, -1]
Pic_2025_05_23_170424_1.bmp [0, 0, 1, 5, 8, -1, -1, -1]
Pic_2025_05_23_171232_265.bmp [0, 1, 0, 0, -1, -1, 5, -1]
Pic_2025_05_23_171232_259.bmp [0, 1, 0, 0, 6, -1, -1, -1]
Pic_2025_05_23_171550_465.bmp [0, 1, 3, 2, 4, -1, -1, -1]
Pic_2025_05_23_171437_443.bmp [0, 1, 2, 1, 1, -1, -1, -1]
Pic_2025_05_23_170808_177.bmp [0, 0, 5, 4, 2, -1, 4, -1]
Pic_2025_05_23_170528_82.bmp [0, 0, 3, 0, 2, -1, -1, -1]
Pic_2025_05_23_171606_504.bmp [0, 1, 3, 4, 0, -1, -1, -1]
Pic_2025_05_23_170432_54.bmp [0, 0, 2, 0, 6, -1, 4, -1]
Pic_2025_05_23_171322_353.bmp [0, 1, 0, 5, 6, -1, -1, -1]
Pic_2025_05_23_171024_216.bmp [0, 0, 7, 5, 8, 4, 3, -1]
Pic_2025_05_23_171430_389.bmp [0, 1, 2, 0, 4, -1, -1, -1]
Pic_2025_05_23_170739_157.bmp [0, 0, 5, 1, -1, -1, 5, -1]
Pic_2025_05_23_170429_34.bmp [0, 0, 2, 0, 3, -1, 3, -1]
Pic_2025_05_23_170447_70.bmp [0, 0, 2, 2, 1, 9, 3, -1]
Pic_2025_05_23_170431_48.bmp [0, 0, 2, 0, 5, -1, -1, -1]
Pic_2025_05_23_170428_27.bmp [0, 0, 2, 0, 2, 4, 3, -1]
Pic_2025_05_23_171259_286.bmp [0, 1, 0, 3, 3, -1, -1, -1]
Pic_2025_05_23_171023_213.bmp [0, 0, 7, 5, -1, -1, 5, -1]
Pic_2025_05_23_171316_308.bmp [0, 1, 0, 5, 0, -1, -1, -1]
Pic_2025_05_23_170958_207.bmp [0, 0, 7, 3, 2, -1, -1, -1]
Pic_2025_05_23_170431_52.bmp [0, 0, 2, 0, 5, 9, 3, -1]
Pic_2025_05_23_171136_256.bmp [0, 0, 9, 1, 0, -1, -1, -1]
Pic_2025_05_23_171549_461.bmp [0, 1, 3, 2, -1, -1, 5, -1]
Pic_2025_05_23_170530_98.bmp [0, 0, 3, 0, -1, 9, -1, -1]
Pic_2025_05_23_171318_321.bmp [0, 1, 0, 5, 2, -1, -1, -1]
Pic_2025_05_23_170424_2.bmp [0, 0, 1, 5, 8, 9, 3, -1]
Pic_2025_05_23_171436_436.bmp [0, 1, 2, 1, 0, -1, -1, -1]
Pic_2025_05_23_170432_58.bmp [0, 0, 2, 0, 6, -1, -1, -1]
Pic_2025_05_23_171607_515.bmp [0, 1, 3, 4, 1, -1, -1, -1]
Pic_2025_05_23_170614_139.bmp [0, 0, 3, 4, 8, 4, 3, -1]
Pic_2025_05_23_170739_156.bmp [0, 0, 5, 1, 3, -1, -1, -1]
Pic_2025_05_23_170958_205.bmp [0, 0, 7, 3, 2, -1, 3, -1]
Pic_2025_05_23_170741_167.bmp [0, 0, 5, 1, 5, -1, 3, -1]
Pic_2025_05_23_171530_456.bmp [0, 1, 3, 0, -1, -1, -1, -1]
Pic_2025_05_23_171320_341.bmp [0, 1, 0, 5, -1, -1, -1, -1]
Pic_2025_05_23_170425_8.bmp [0, 0, 1, 5, 9, -1, -1, -1]
Pic_2025_05_23_170530_94.bmp [0, 0, 3, 0, 4, 4, 3, -1]
Pic_2025_05_23_171258_279.bmp [0, 1, 0, 3, 2, -1, -1, -1]
Pic_2025_05_23_170912_198.bmp [0, 0, 6, 4, 6, -1, -1, -1]
Pic_2025_05_23_171429_386.bmp [0, 1, 2, 0, 3, -1, -1, -1]
Pic_2025_05_23_170550_111.bmp [0, 0, 3, 2, 4, 4, 3, -1]
Pic_2025_05_23_171606_509.bmp [0, 1, 3, 4, 0, 9, 3, -1]
Pic_2025_05_23_171134_245.bmp [0, 0, 9, 0, 8, 6, -1, -1]
Pic_2025_05_23_171605_498.bmp [0, 1, 3, 3, 9, -1, -1, -1]
Pic_2025_05_23_170430_43.bmp [0, 0, 2, 0, 4, -1, -1, -1]
Pic_2025_05_23_170808_175.bmp [0, 0, 5, 4, 2, -1, 3, -1]
Pic_2025_05_23_170611_120.bmp [0, 0, 3, 4, 5, -1, -1, -1]
Pic_2025_05_23_171025_223.bmp [0, 0, 7, 5, 9, 4, 3, -1]
Pic_2025_05_23_171318_325.bmp [0, 1, 0, 5, 2, -1, -1, -1]
Pic_2025_05_23_171430_395.bmp [0, 1, 2, 0, -1, -1, 5, -1]
Pic_2025_05_23_171324_367.bmp [0, 1, 0, 5, 8, 6, -1, -1]
Pic_2025_05_23_171608_518.bmp [0, 1, 3, 4, 2, -1, -1, -1]
Pic_2025_05_23_170447_68.bmp [0, 0, 2, 2, 1, 6, -1, -1]
Pic_2025_05_23_171322_351.bmp [0, 1, 0, 5, 6, -1, 3, -1]
Pic_2025_05_23_171603_484.bmp [0, 1, 3, 3, 7, -1, 3, -1]
Pic_2025_05_23_170432_57.bmp [0, 0, 2, 0, 6, 6, -1, -1]
Pic_2025_05_23_171551_471.bmp [0, 1, 3, 2, 5, -1, 3, -1]
Pic_2025_05_23_171551_473.bmp [0, 1, 3, 2, 5, -1, 4, -1]
Pic_2025_05_23_171317_319.bmp [0, 1, 0, 5, 1, 9, 3, -1]
Pic_2025_05_23_171433_412.bmp [0, 1, 2, 0, 7, -1, -1, -1]
Pic_2025_05_23_170809_182.bmp [0, 0, 5, 4, 3, -1, -1, -1]
Pic_2025_05_23_170527_75.bmp [0, 0, 3, 0, 1, -1, -1, -1]
Pic_2025_05_23_170447_65.bmp [0, 0, 2, 2, 1, -1, 4, -1]
Pic_2025_05_23_171552_478.bmp [0, 1, 3, 2, 6, -1, -1, -1]
Pic_2025_05_23_171603_486.bmp [0, 1, 3, 3, 7, -1, -1, -1]
Pic_2025_05_23_170737_141.bmp [0, 0, 5, 1, 1, -1, -1, -1]
Pic_2025_05_23_171234_275.bmp [0, 1, 0, 0, 8, 4, 3, -1]
Pic_2025_05_23_170911_191.bmp [0, 0, 6, 4, 5, -1, 3, -1]
Pic_2025_05_23_171432_405.bmp [0, 1, 2, 0, 6, -1, 3, -1]
Pic_2025_05_23_171300_295.bmp [0, 1, 0, 3, -1, -1, 5, -1]
Pic_2025_05_23_170431_50.bmp [0, 0, 2, 0, 5, 6, -1, -1]
Pic_2025_05_23_170531_101.bmp [0, 0, 3, 0, 5, -1, 3, -1]
Pic_2025_05_23_171604_491.bmp [0, 1, 3, 3, 8, -1, -1, -1]
Pic_2025_05_23_171549_460.bmp [0, 1, 3, 2, 3, -1, -1, -1]
Pic_2025_05_23_170425_10.bmp [0, 0, -1, -1, -1, -1, 5, -1]
Pic_2025_05_23_170430_41.bmp [0, 0, 2, 0, 4, -1, -1, -1]
Pic_2025_05_23_171324_365.bmp [0, 1, 0, 5, 8, -1, -1, -1]
Pic_2025_05_23_171323_358.bmp [0, 1, 0, 5, 7, -1, -1, -1]
Pic_2025_05_23_171435_430.bmp [0, 1, 2, 0, 9, 9, 3, -1]
Pic_2025_05_23_171316_310.bmp [0, 1, 0, 5, 0, -1, -1, -1]
Pic_2025_05_23_171437_439.bmp [0, 1, 2, 1, 1, -1, -1, -1]
Pic_2025_05_23_171605_500.bmp [0, 1, 3, 3, 9, -1, -1, -1]
Pic_2025_05_23_171050_230.bmp [0, 0, 8, 2, 4, -1, -1, -1]
Pic_2025_05_23_171435_426.bmp [0, 1, 2, 0, 9, -1, -1, -1]
Pic_2025_05_23_171301_298.bmp [0, 1, 0, 3, 5, 4, 3, -1]
Pic_2025_05_23_171436_435.bmp [0, 1, 2, 1, 0, 6, -1, -1]
Pic_2025_05_23_170741_169.bmp [0, 0, 5, 1, 5, -1, 4, -1]
Pic_2025_05_23_171321_344.bmp [0, 1, 0, 5, 5, 4, 3, -1]
Pic_2025_05_23_171135_252.bmp [0, 0, 9, 0, 9, 6, -1, -1]
Pic_2025_05_23_171550_464.bmp [0, 1, 3, 2, 4, -1, 3, -1]
Pic_2025_05_23_170429_36.bmp [0, 0, 2, 0, 3, -1, 4, -1]
Pic_2025_05_23_171434_419.bmp [0, 1, 2, 0, 8, -1, -1, -1]
Pic_2025_05_23_171317_317.bmp [0, 1, 0, 5, 1, 6, -1, -1]
Pic_2025_05_23_171605_503.bmp [0, 1, 3, 4, 0, -1, -1, -1]
Pic_2025_05_23_170912_200.bmp [0, 0, 6, 4, 6, -1, -1, -1]
Pic_2025_05_23_171319_333.bmp [0, 1, 0, 5, 3, -1, -1, -1]
Pic_2025_05_23_171325_374.bmp [0, 1, 0, 5, 9, 6, -1, -1]
Pic_2025_05_23_170809_181.bmp [0, 0, 5, 4, 3, -1, -1, -1]
Pic_2025_05_23_171050_232.bmp [0, 0, 8, 2, 4, -1, -1, -1]
Pic_2025_05_23_171433_411.bmp [0, 1, 2, 0, 7, -1, -1, -1]
Pic_2025_05_23_171258_278.bmp [0, 1, 0, 3, 2, 6, -1, -1]
Pic_2025_05_23_171233_268.bmp [0, 1, 0, 0, 7, 4, -1, -1]
Pic_2025_05_23_170738_144.bmp [0, 0, 5, 1, 2, -1, -1, -1]
Pic_2025_05_23_171133_238.bmp [0, 0, 9, 0, 7, -1, -1, -1]
Pic_2025_05_23_171604_493.bmp [0, 1, 3, 3, 8, -1, -1, -1]
Pic_2025_05_23_171134_243.bmp [0, 0, 9, 0, 8, -1, -1, -1]
Pic_2025_05_23_171606_507.bmp [0, 1, 3, 4, 0, 6, -1, -1]
Pic_2025_05_23_170528_83.bmp [0, 0, 3, 0, 2, -1, -1, -1]
Pic_2025_05_23_171319_328.bmp [0, 1, 0, 5, 3, -1, -1, -1]
Pic_2025_05_23_171023_212.bmp [0, 0, 7, 5, 7, -1, -1, -1]
Pic_2025_05_23_171434_421.bmp [0, 1, 2, 0, 8, -1, -1, -1]
Pic_2025_05_23_170612_129.bmp [0, 0, 3, 4, -1, -1, 5, -1]
Pic_2025_05_23_170448_72.bmp [0, 0, 2, 2, 2, -1, 4, -1]
Pic_2025_05_23_170612_128.bmp [0, 0, 3, 4, 6, -1, -1, -1]
Pic_2025_05_23_171323_360.bmp [0, 1, 0, 5, 7, -1, -1, -1]
Pic_2025_05_23_170529_90.bmp [0, 0, 3, 0, 3, -1, -1, -1]
Pic_2025_05_23_170741_166.bmp [0, 0, 5, 1, 5, 3, -1, -1]
Pic_2025_05_23_171433_414.bmp [0, 1, 2, 0, 7, -1, -1, -1]
Pic_2025_05_23_171300_294.bmp [0, 1, 0, 3, 4, -1, -1, -1]
Pic_2025_05_23_171607_511.bmp [0, 1, 3, 4, 1, -1, -1, -1]
Pic_2025_05_23_170738_149.bmp [0, 0, 5, 1, 2, -1, -1, -1]
Pic_2025_05_23_170426_14.bmp [0, 0, 2, 0, 0, -1, -1, -1]
Pic_2025_05_23_171135_255.bmp [0, 0, 9, 1, -1, -1, -1, -1]
Pic_2025_05_23_171316_313.bmp [0, 1, 0, 5, 1, -1, -1, -1]
Pic_2025_05_23_171232_262.bmp [0, 1, 0, 0, 6, 6, -1, -1]
Pic_2025_05_23_171435_431.bmp [0, 1, 2, 1, 0, -1, -1, -1]
Pic_2025_05_23_170424_3.bmp [0, 0, 1, 5, 9, -1, -1, -1]
Pic_2025_05_23_170432_56.bmp [0, 0, 2, 0, 6, 4, -1, -1, -1]
